401K Input

Current Balance:

354000.0

Annual Growth Rate:

0.04

Annual Contributions:

0.0

Only With A Salary:
Start Withdrawal Age:

false
58

403B Input

Current Balance:

255000.0

Annual Growth Rate:

0.04

Annual Contributions:

0.0

Only With A Salary:
Start Withdrawal Age:

false
59

Brokerage Input

Current Balance:

24000.0

Annual Growth Rate:

0.04

Cash Balance Input

Current Balance:

105000.0

Annual Growth Rate:

0.04

Annual Contributions:

0.0

Only With A Salary:
Start Withdrawal Age:

false
59

Deductions Input

Annual Deductions:

6500.0

Expenses Input

Annual Expenses:

40000.0

IRA Input

Current Balance:

35000.0

Annual Growth Rate:

0.05

Annual Contributions:

5500.0

Only With A Salary:
Start Withdrawal Age:

false
70

Pension Input

Starting Age:

55

Monthly Amount:

1760.0

Inflation Adjusted:

false

Personal Input

Simulation Date:

Sun Feb 03 15:52:05 EST 2019

Birth Date:

Sat Sep 06 15:52:05 EDT 1958

Retirement Age:

59

Life Expectancy Age:

95

Inflation:

0.03

Roth Input

Current Balance:

188000.0

Annual Growth Rate:

0.05

Annual Contributions:

0.0

Only With A Salary:
Start Withdrawal Age:

false
70

Salary Input

Current Annual Salary:

50000.0

Average Merit Increase:

0.025

Savings Input

Current Balance:

24000.0

Annual Growth Rate:

0.04

Social Security Input

Starting Age:

70

Monthly Amount:

2900.0

Taxes Input

Effective Federal Tax Rate:

0.14

Effective State Tax Rate:

0.04

401K Output
Year
2019
2020
2021
2022
2023
2024
2025
2026
2027
2028
2029
2030
2031
2032
2033
2034
2035
2036
2037
2038
2039
2040
2041
2042
2043
2044
2045
2046
2047
2048
2049
2050
2051
2052
2053

Age
60
61
62
63
64
65
66
67
68
69
70
71
72
73
74
75
76
77
78
79
80
81
82
83
84
85
86
87
88
89
90
91
92
93
94

Beginning Balance
354,000.00
331,344.00
306,309.12
278,741.30
248,477.96
215,347.56
179,169.17
139,751.95
96,894.69
50,385.24
0.00
0.00
0.00
0.00
0.00
0.00
0.00
0.00
0.00
0.00
0.00
0.00
0.00
0.00
0.00
0.00
0.00
0.00
0.00
0.00
0.00
0.00
0.00
0.00
0.00

Deposits
0.00
0.00
0.00
0.00
0.00
0.00
0.00
0.00
0.00
0.00
0.00
0.00
0.00
0.00
0.00
0.00
0.00
0.00
0.00
0.00
0.00
0.00
0.00
0.00
0.00
0.00
0.00
0.00
0.00
0.00
0.00
0.00
0.00
0.00
0.00

Withdrawals
35,400.00
36,816.00
38,288.64
39,820.19
41,412.99
43,069.51
44,792.29
46,583.98
48,447.34
50,385.24
0.00
0.00
0.00
0.00
0.00
0.00
0.00
0.00
0.00
0.00
0.00
0.00
0.00
0.00
0.00
0.00
0.00
0.00
0.00
0.00
0.00
0.00
0.00
0.00
0.00

Ending Balance
331,344.00
306,309.12
278,741.30
248,477.96
215,347.56
179,169.17
139,751.95
96,894.69
50,385.24
0.00
0.00
0.00
0.00
0.00
0.00
0.00
0.00
0.00
0.00
0.00
0.00
0.00
0.00
0.00
0.00
0.00
0.00
0.00
0.00
0.00
0.00
0.00
0.00
0.00
0.00

403B Output
Year
2019
2020
2021
2022
2023
2024
2025
2026
2027
2028
2029
2030
2031
2032
2033
2034
2035
2036
2037
2038
2039
2040
2041
2042
2043
2044
2045
2046
2047
2048
2049
2050
2051
2052
2053

Age
60
61
62
63
64
65
66
67
68
69
70
71
72
73
74
75
76
77
78
79
80
81
82
83
84
85
86
87
88
89
90
91
92
93
94

Beginning Balance
255,000.00
265,200.00
275,808.00
286,840.32
298,313.93
310,246.49
322,656.35
335,562.60
348,985.11
362,944.51
377,462.29
392,560.78
408,263.22
424,593.74
441,577.49
459,240.59
477,610.22
496,714.63
509,520.09
519,410.35
528,841.17
537,768.52
546,145.84
553,923.92
561,050.76
567,471.43
573,127.95
577,959.13
581,900.40
584,883.68
586,837.18
587,685.22
587,348.09
585,741.80
582,777.92

Deposits
0.00
0.00
0.00
0.00
0.00
0.00
0.00
0.00
0.00
0.00
0.00
0.00
0.00
0.00
0.00
0.00
0.00
0.00
0.00
0.00
0.00
0.00
0.00
0.00
0.00
0.00
0.00
0.00
0.00
0.00
0.00
0.00
0.00
0.00
0.00

Withdrawals
0.00
0.00
0.00
0.00
0.00
0.00
0.00
0.00
0.00
0.00
0.00
0.00
0.00
0.00
0.00
0.00
0.00
6,791.46
10,087.06
10,909.22
11,756.05
12,628.29
13,526.69
14,452.04
15,405.15
16,386.86
17,398.02
18,439.51
19,512.25
20,617.17
21,755.23
22,927.44
24,134.82
25,378.42
26,659.32

Ending Balance
265,200.00
275,808.00
286,840.32
298,313.93
310,246.49
322,656.35
335,562.60
348,985.11
362,944.51
377,462.29
392,560.78
408,263.22
424,593.74
441,577.49
459,240.59
477,610.22
496,714.63
509,520.09
519,410.35
528,841.17
537,768.52
546,145.84
553,923.92
561,050.76
567,471.43
573,127.95
577,959.13
581,900.40
584,883.68
586,837.18
587,685.22
587,348.09
585,741.80
582,777.92
578,363.34

Brokerage Output
Year
2019
2020
2021
2022
2023
2024
2025
2026
2027
2028
2029
2030
2031
2032
2033
2034
2035
2036
2037
2038
2039
2040
2041
2042
2043
2044
2045
2046
2047
2048
2049
2050
2051
2052
2053

Age
60
61
62
63
64
65
66
67
68
69
70
71
72
73
74
75
76
77
78
79
80
81
82
83
84
85
86
87
88
89
90
91
92
93
94

Beginning Balance
24,000.00
26,669.45
29,266.70
31,795.91
34,262.08
36,671.20
39,030.25
41,347.35
43,631.83
45,894.31
48,146.83
50,072.71
52,075.62
54,158.64
56,324.99
58,577.99
60,921.11
63,357.95
58,829.15
50,691.77
41,373.85
30,802.50
18,901.19
5,589.48
5,813.06
6,045.58
6,287.40
6,538.90
6,800.46
7,072.47
7,355.37
7,649.59
7,955.57
8,273.79
8,604.75

Deposits
1,643.70
1,471.61
1,306.29
1,148.40
998.68
857.89
726.82
606.33
497.32
400.72
0.00
0.00
0.00
0.00
0.00
0.00
0.00
0.00
0.00
0.00
0.00
0.00
0.00
0.00
0.00
0.00
0.00
0.00
0.00
0.00
0.00
0.00
0.00
0.00
0.00

Withdrawals
0.00
0.00
0.00
0.00
0.00
0.00
0.00
0.00
0.00
0.00
0.00
0.00
0.00
0.00
0.00
0.00
0.00
6,791.46
10,087.06
10,909.22
11,756.05
12,628.29
13,526.69
0.00
0.00
0.00
0.00
0.00
0.00
0.00
0.00
0.00
0.00
0.00
0.00

Ending Balance
26,669.45
29,266.70
31,795.91
34,262.08
36,671.20
39,030.25
41,347.35
43,631.83
45,894.31
48,146.83
50,072.71
52,075.62
54,158.64
56,324.99
58,577.99
60,921.11
63,357.95
58,829.15
50,691.77
41,373.85
30,802.50
18,901.19
5,589.48
5,813.06
6,045.58
6,287.40
6,538.90
6,800.46
7,072.47
7,355.37
7,649.59
7,955.57
8,273.79
8,604.75
8,948.94

Cash Balance Output
Year
2019
2020
2021
2022
2023
2024
2025
2026
2027
2028
2029
2030
2031
2032
2033
2034
2035
2036
2037
2038
2039
2040
2041
2042
2043
2044
2045
2046
2047
2048
2049
2050
2051
2052
2053

Age
60
61
62
63
64
65
66
67
68
69
70
71
72
73
74
75
76
77
78
79
80
81
82
83
84
85
86
87
88
89
90
91
92
93
94

Beginning Balance
105,000.00
109,200.00
113,568.00
118,110.72
122,835.15
127,748.55
132,858.50
138,172.84
143,699.75
149,447.74
155,425.65
161,642.68
168,108.38
174,832.72
181,826.03
189,099.07
196,663.03
204,529.55
205,647.61
203,382.97
200,172.70
195,953.31
190,658.03
184,216.59
176,555.13
167,595.98
157,257.48
145,453.84
132,094.91
117,085.97
100,327.55
81,715.21
61,139.28
38,484.63
13,630.47

Deposits
0.00
0.00
0.00
0.00
0.00
0.00
0.00
0.00
0.00
0.00
0.00
0.00
0.00
0.00
0.00
0.00
0.00
0.00
0.00
0.00
0.00
0.00
0.00
0.00
0.00
0.00
0.00
0.00
0.00
0.00
0.00
0.00
0.00
0.00
0.00

Withdrawals
0.00
0.00
0.00
0.00
0.00
0.00
0.00
0.00
0.00
0.00
0.00
0.00
0.00
0.00
0.00
0.00
0.00
6,791.46
10,087.06
10,909.22
11,756.05
12,628.29
13,526.69
14,452.04
15,405.15
16,386.86
17,398.02
18,439.51
19,512.25
20,617.17
21,755.23
22,927.44
24,134.82
25,378.42
0.00

Ending Balance
109,200.00
113,568.00
118,110.72
122,835.15
127,748.55
132,858.50
138,172.84
143,699.75
149,447.74
155,425.65
161,642.68
168,108.38
174,832.72
181,826.03
189,099.07
196,663.03
204,529.55
205,647.61
203,382.97
200,172.70
195,953.31
190,658.03
184,216.59
176,555.13
167,595.98
157,257.48
145,453.84
132,094.91
117,085.97
100,327.55
81,715.21
61,139.28
38,484.63
13,630.47
14,175.69

Deductions Output
Year
2019
2020
2021
2022
2023
2024
2025
2026
2027
2028
2029
2030
2031
2032
2033
2034
2035
2036
2037
2038
2039
2040
2041
2042
2043
2044
2045
2046
2047
2048
2049
2050
2051
2052
2053

Age
60
61
62
63
64
65
66
67
68
69
70
71
72
73
74
75
76
77
78
79
80
81
82
83
84
85
86
87
88
89
90
91
92
93
94

Beginning Balance
6,500.00
6,695.00
6,895.85
7,102.73
7,315.81
7,535.28
7,761.34
7,994.18
8,234.01
8,481.03
8,735.46
8,997.52
9,267.45
9,545.47
9,831.83
10,126.79
10,430.59
10,743.51
11,065.81
11,397.79
11,739.72
12,091.91
12,454.67
12,828.31
13,213.16
13,609.56
14,017.84
14,438.38
14,871.53
15,317.68
15,777.21
16,250.52
16,738.04
17,240.18
17,757.38

Ending Balance
6,695.00
6,895.85
7,102.73
7,315.81
7,535.28
7,761.34
7,994.18
8,234.01
8,481.03
8,735.46
8,997.52
9,267.45
9,545.47
9,831.83
10,126.79
10,430.59
10,743.51
11,065.81
11,397.79
11,739.72
12,091.91
12,454.67
12,828.31
13,213.16
13,609.56
14,017.84
14,438.38
14,871.53
15,317.68
15,777.21
16,250.52
16,738.04
17,240.18
17,757.38
18,290.11

Expenses Output
Year
2019
2020
2021
2022
2023
2024
2025
2026
2027
2028
2029
2030
2031
2032
2033
2034
2035
2036
2037
2038
2039
2040
2041
2042
2043
2044
2045
2046
2047
2048
2049
2050
2051
2052
2053

Age
60
61
62
63
64
65
66
67
68
69
70
71
72
73
74
75
76
77
78
79
80
81
82
83
84
85
86
87
88
89
90
91
92
93
94

Beginning Balance
40,000.00
41,200.00
42,436.00
43,709.08
45,020.35
46,370.96
47,762.09
49,194.95
50,670.80
52,190.93
53,756.66
55,369.35
57,030.44
58,741.35
60,503.59
62,318.70
64,188.26
66,113.91
68,097.32
70,140.24
72,244.45
74,411.78
76,644.14
78,943.46
81,311.76
83,751.12
86,263.65
88,851.56
91,517.11
94,262.62
97,090.50
100,003.21
103,003.31
106,093.41
109,276.21

Ending Balance
40,000.00
41,200.00
42,436.00
43,709.08
45,020.35
46,370.96
47,762.09
49,194.95
50,670.80
52,190.93
53,756.66
55,369.35
57,030.44
58,741.35
60,503.59
62,318.70
64,188.26
66,113.91
68,097.32
70,140.24
72,244.45
74,411.78
76,644.14
78,943.46
81,311.76
83,751.12
86,263.65
88,851.56
91,517.11
94,262.62
97,090.50
100,003.21
103,003.31
106,093.41
109,276.21

Income Graph Output

IRA Output
Year
2019
2020
2021
2022
2023
2024
2025
2026
2027
2028
2029
2030
2031
2032
2033
2034
2035
2036
2037
2038
2039
2040
2041
2042
2043
2044
2045
2046
2047
2048
2049
2050
2051
2052
2053

Age
60
61
62
63
64
65
66
67
68
69
70
71
72
73
74
75
76
77
78
79
80
81
82
83
84
85
86
87
88
89
90
91
92
93
94

Beginning Balance
35,000.00
42,525.00
50,426.25
58,722.56
67,433.69
76,580.38
86,184.39
96,268.61
106,857.04
117,974.90
129,648.64
141,906.07
154,776.38
168,290.20
182,479.71
197,378.69
213,022.63
229,448.76
239,565.16
246,727.00
253,383.67
259,483.99
264,973.49
269,794.15
273,884.21
277,178.01
279,605.71
281,093.07
281,561.24
280,926.44
279,099.74
275,986.73
271,487.25
265,495.05
257,897.47

Deposits
5,500.00
5,500.00
5,500.00
5,500.00
5,500.00
5,500.00
5,500.00
5,500.00
5,500.00
5,500.00
5,500.00
5,500.00
5,500.00
5,500.00
5,500.00
5,500.00
5,500.00
5,500.00
5,500.00
5,500.00
5,500.00
5,500.00
5,500.00
5,500.00
5,500.00
5,500.00
5,500.00
5,500.00
5,500.00
5,500.00
5,500.00
5,500.00
5,500.00
5,500.00
5,500.00

Withdrawals
0.00
0.00
0.00
0.00
0.00
0.00
0.00
0.00
0.00
0.00
0.00
0.00
0.00
0.00
0.00
0.00
0.00
6,791.46
10,087.06
10,909.22
11,756.05
12,628.29
13,526.69
14,452.04
15,405.15
16,386.86
17,398.02
18,439.51
19,512.25
20,617.17
21,755.23
22,927.44
24,134.82
25,378.42
26,659.32

Ending Balance
42,525.00
50,426.25
58,722.56
67,433.69
76,580.38
86,184.39
96,268.61
106,857.04
117,974.90
129,648.64
141,906.07
154,776.38
168,290.20
182,479.71
197,378.69
213,022.63
229,448.76
239,565.16
246,727.00
253,383.67
259,483.99
264,973.49
269,794.15
273,884.21
277,178.01
279,605.71
281,093.07
281,561.24
280,926.44
279,099.74
275,986.73
271,487.25
265,495.05
257,897.47
248,575.06

Pension Output
Year
2019
2020
2021
2022
2023
2024
2025
2026
2027
2028
2029
2030
2031
2032
2033
2034
2035
2036
2037
2038
2039
2040
2041
2042
2043
2044
2045
2046
2047
2048
2049
2050
2051
2052
2053

Age
60
61
62
63
64
65
66
67
68
69
70
71
72
73
74
75
76
77
78
79
80
81
82
83
84
85
86
87
88
89
90
91
92
93
94

Annual Amount
21,120.00
21,120.00
21,120.00
21,120.00
21,120.00
21,120.00
21,120.00
21,120.00
21,120.00
21,120.00
21,120.00
21,120.00
21,120.00
21,120.00
21,120.00
21,120.00
21,120.00
21,120.00
21,120.00
21,120.00
21,120.00
21,120.00
21,120.00
21,120.00
21,120.00
21,120.00
21,120.00
21,120.00
21,120.00
21,120.00
21,120.00
21,120.00
21,120.00
21,120.00
21,120.00

Roth Output
Year
2019
2020
2021
2022
2023
2024
2025
2026
2027
2028
2029
2030
2031
2032
2033
2034
2035
2036
2037
2038
2039
2040
2041
2042
2043
2044
2045
2046
2047
2048
2049
2050
2051
2052
2053

Age
60
61
62
63
64
65
66
67
68
69
70
71
72
73
74
75
76
77
78
79
80
81
82
83
84
85
86
87
88
89
90
91
92
93
94

Beginning Balance
188,000.00
197,400.00
207,270.00
217,633.50
228,515.17
239,940.93
251,937.98
264,534.88
277,761.62
291,649.70
306,232.19
321,543.80
337,620.99
354,502.04
372,227.14
390,838.50
410,380.42
430,899.44
445,313.38
456,987.64
468,382.33
479,457.59
490,170.77
500,476.29
510,325.46
519,666.32
528,443.43
536,597.68
544,066.08
550,781.53
556,672.58
561,663.21
565,672.56
568,614.62
570,398.02

Deposits
0.00
0.00
0.00
0.00
0.00
0.00
0.00
0.00
0.00
0.00
0.00
0.00
0.00
0.00
0.00
0.00
0.00
0.00
0.00
0.00
0.00
0.00
0.00
0.00
0.00
0.00
0.00
0.00
0.00
0.00
0.00
0.00
0.00
0.00
0.00

Withdrawals
0.00
0.00
0.00
0.00
0.00
0.00
0.00
0.00
0.00
0.00
0.00
0.00
0.00
0.00
0.00
0.00
0.00
6,791.46
10,087.06
10,909.22
11,756.05
12,628.29
13,526.69
14,452.04
15,405.15
16,386.86
17,398.02
18,439.51
19,512.25
20,617.17
21,755.23
22,927.44
24,134.82
25,378.42
26,659.32

Ending Balance
197,400.00
207,270.00
217,633.50
228,515.17
239,940.93
251,937.98
264,534.88
277,761.62
291,649.70
306,232.19
321,543.80
337,620.99
354,502.04
372,227.14
390,838.50
410,380.42
430,899.44
445,313.38
456,987.64
468,382.33
479,457.59
490,170.77
500,476.29
510,325.46
519,666.32
528,443.43
536,597.68
544,066.08
550,781.53
556,672.58
561,663.21
565,672.56
568,614.62
570,398.02
570,925.63

Salary Output
Year
2019
2020
2021
2022
2023
2024
2025
2026
2027
2028
2029
2030
2031
2032
2033
2034
2035
2036
2037
2038
2039
2040
2041
2042
2043
2044
2045
2046
2047
2048
2049
2050
2051
2052
2053

Age
60
61
62
63
64
65
66
67
68
69
70
71
72
73
74
75
76
77
78
79
80
81
82
83
84
85
86
87
88
89
90
91
92
93
94

Beginning Balance
0.00
0.00
0.00
0.00
0.00
0.00
0.00
0.00
0.00
0.00
0.00
0.00
0.00
0.00
0.00
0.00
0.00
0.00
0.00
0.00
0.00
0.00
0.00
0.00
0.00
0.00
0.00
0.00
0.00
0.00
0.00
0.00
0.00
0.00
0.00

Ending Balance
0.00
0.00
0.00
0.00
0.00
0.00
0.00
0.00
0.00
0.00
0.00
0.00
0.00
0.00
0.00
0.00
0.00
0.00
0.00
0.00
0.00
0.00
0.00
0.00
0.00
0.00
0.00
0.00
0.00
0.00
0.00
0.00
0.00
0.00
0.00

Savings Output
Year
2019
2020
2021
2022
2023
2024
2025
2026
2027
2028
2029
2030
2031
2032
2033
2034
2035
2036
2037
2038
2039
2040
2041
2042
2043
2044
2045
2046
2047
2048
2049
2050
2051
2052
2053

Age
60
61
62
63
64
65
66
67
68
69
70
71
72
73
74
75
76
77
78
79
80
81
82
83
84
85
86
87
88
89
90
91
92
93
94

Beginning Balance
24,000.00
24,960.00
25,958.40
26,996.74
28,076.61
29,199.67
30,367.66
31,582.36
32,845.66
34,159.48
35,525.86
33,670.40
31,002.45
27,441.53
22,900.61
17,285.58
10,494.71
2,418.07
0.00
0.00
0.00
0.00
0.00
0.00
0.00
0.00
0.00
0.00
0.00
0.00
0.00
0.00
0.00
0.00
0.00

Deposits
0.00
0.00
0.00
0.00
0.00
0.00
0.00
0.00
0.00
0.00
0.00
0.00
0.00
0.00
0.00
0.00
0.00
0.00
0.00
0.00
0.00
0.00
0.00
0.00
0.00
0.00
0.00
0.00
0.00
0.00
0.00
0.00
0.00
0.00
0.00

Withdrawals
0.00
0.00
0.00
0.00
0.00
0.00
0.00
0.00
0.00
0.00
3,150.48
3,860.36
4,616.36
5,421.71
6,279.86
7,194.51
8,169.65
2,418.07
0.00
0.00
0.00
0.00
0.00
0.00
0.00
0.00
0.00
0.00
0.00
0.00
0.00
0.00
0.00
0.00
0.00

Ending Balance
24,960.00
25,958.40
26,996.74
28,076.61
29,199.67
30,367.66
31,582.36
32,845.66
34,159.48
35,525.86
33,670.40
31,002.45
27,441.53
22,900.61
17,285.58
10,494.71
2,418.07
0.00
0.00
0.00
0.00
0.00
0.00
0.00
0.00
0.00
0.00
0.00
0.00
0.00
0.00
0.00
0.00
0.00
0.00

Savings Graph

Social Security Output
Year
2019
2020
2021
2022
2023
2024
2025
2026
2027
2028
2029
2030
2031
2032
2033
2034
2035
2036
2037
2038
2039
2040
2041
2042
2043
2044
2045
2046
2047
2048
2049
2050
2051
2052
2053

Age
60
61
62
63
64
65
66
67
68
69
70
71
72
73
74
75
76
77
78
79
80
81
82
83
84
85
86
87
88
89
90
91
92
93
94

Annual Amount
0.00
0.00
0.00
0.00
0.00
0.00
0.00
0.00
0.00
0.00
48,171.34
49,616.48
51,104.97
52,638.12
54,217.27
55,843.78
57,519.10
59,244.67
61,022.01
62,852.67
64,738.25
66,680.40
68,680.81
70,741.23
72,863.47
75,049.38
77,300.86
79,619.88
82,008.48
84,468.73
87,002.80
89,612.88
92,301.27
95,070.30
97,922.41

Taxes Output
Year
2019
2020
2021
2022
2023
2024
2025
2026
2027
2028
2029
2030
2031
2032
2033
2034
2035
2036
2037
2038
2039
2040
2041
2042
2043
2044
2045
2046
2047
2048
2049
2050
2051
2052
2053

Age
60
61
62
63
64
65
66
67
68
69
70
71
72
73
74
75
76
77
78
79
80
81
82
83
84
85
86
87
88
89
90
91
92
93
94

Federal Taxes
7,109.90
7,285.40
7,468.20
7,658.59
7,856.91
8,063.46
8,278.59
8,502.66
8,736.02
8,979.06
8,640.08
8,794.22
8,948.74
9,103.35
9,257.71
9,411.45
9,564.15
9,715.38
9,904.19
10,112.61
10,327.29
10,548.40
10,776.15
11,010.73
11,252.35
11,501.21
11,757.55
12,021.57
12,293.51
12,573.61
12,862.12
13,159.28
13,465.35
13,780.61
14,105.32

State Taxes
2,031.40
2,081.54
2,133.77
2,188.17
2,244.83
2,303.85
2,365.31
2,429.33
2,496.01
2,565.45
2,468.59
2,512.63
2,556.78
2,600.96
2,645.06
2,688.98
2,732.62
2,775.82
2,829.77
2,889.32
2,950.65
3,013.83
3,078.90
3,145.92
3,214.96
3,286.06
3,359.30
3,434.73
3,512.43
3,592.46
3,674.89
3,759.79
3,847.24
3,937.32
4,030.09

Total Taxes
9,141.30
9,366.94
9,601.97
9,846.76
10,101.74
10,367.31
10,643.91
10,931.99
11,232.03
11,544.51
11,108.67
11,306.85
11,505.53
11,704.31
11,902.77
12,100.43
12,296.77
12,491.20
12,733.96
13,001.93
13,277.94
13,562.23
13,855.05
14,156.65
14,467.30
14,787.28
15,116.85
15,456.30
15,805.94
16,166.08
16,537.01
16,919.07
17,312.60
17,717.93
18,135.42

